1.08,-0.03340868651866913,-0.08619904518127441
1.1,0.009827584028244019,-0.04002293944358826
1.12,0.07802258431911469,0.04682755470275879
1.14,0.019635111093521118,0.05286690592765808
1.16,-0.0273657888174057,0.16001668572425842
1.18,0.02537032961845398,0.1000216007232666
1.2,0.05984024703502655,-0.017386287450790405
1.22,-0.03561528027057648,-0.05922269821166992
1.24,-0.14687740802764893,-0.12096250057220459
1.26,-0.005269169807434082,-0.08109664916992188
1.28,-0.007882528007030487,-0.06306678056716919
1.3,-0.09862636774778366,-0.0425088107585907
1.32,0.06256674230098724,-0.09193029999732971
1.34,0.14096887409687042,-0.07971778512001038
1.36,0.1090727224946022,-0.07280132174491882
1.38,0.11157232522964478,-0.02397856116294861
1.4,0.029866330325603485,0.021245092153549194
1.42,-0.035516053438186646,0.05200183391571045
1.84,0.008544846437871456,-0.010183809325098991
1.86,0.012550683692097664,0.012866520322859287
1.88,0.009212199598550797,-0.004227841272950172
1.9,-0.0033724054228514433,0.0009315686766058207
1.92,-0.001071237027645111,-0.003402378410100937
1.94,0.0030857701785862446,-0.012146090157330036
1.96,0.01159903034567833,0.003951325546950102
1.98,0.015181293711066246,-0.009989183396100998
2,0.008832955732941628,-0.0017049333546310663
2.02,0.004984427243471146,-0.00882564578205347
2.04,0.002594948746263981,-0.002413796028122306
2.06,0.002946909051388502,0.0009109255624935031
2.08,0.005828604567795992,0.0005027806619182229
2.1,0.004624329507350922,-0.004719328135251999
2.12,0.006085024680942297,-0.005298837088048458
2.14,0.006896287202835083,-0.00474510109052062
2.16,0.007453815080225468,-0.005946114659309387
2.18,0.007334647700190544,0.0018998942105099559
2.2,0.004502355121076107,-0.00568956695497036
2.22,0.004766627214848995,-0.001989539247006178
2.24,0.005473533179610968,-0.004904312081634998
2.26,0.007297341246157885,-0.0005820374935865402
2.28,0.007448364514857531,-0.0024673608131706715
2.3,0.006334776058793068,-0.004205650649964809
2.32,0.0063383979722857475,-0.006921836175024509
2.34,0.005105046089738607,-0.0030470099300146103
2.36,0.006759408861398697,-0.0005975355743430555
2.38,0.006759408861398697,-0.0005975355743430555
2.4,0.004817914683371782,-0.0026588342152535915
2.42,0.005740724503993988,-0.00429531279951334
2.44,0.008483178913593292,-0.0036466503515839577
2.46,0.00940483808517456,8.451432222500443e-05
2.48,0.006062231492251158,-0.0026300905738025904
2.5,0.004441415425390005,-0.005167475901544094
2.7,0.005089030135422945,-0.004618559032678604
2.72,0.005830822046846151,-0.003553524147719145
2.74,0.0063215200789272785,-0.0039956956170499325
2.76,0.007072376552969217,-0.001410973141901195
2.78,0.005623866803944111,-0.00031770672649145126
2.8,0.001510594505816698,-0.0039030464831739664
2.82,0.003893448505550623,-0.003236619522795081
2.84,0.00582704646512866,-0.0027280799113214016
2.86,0.006907165516167879,-0.0029392505530267954
2.88,0.006175656337291002,-0.0033581461757421494
2.9,0.00500446604564786,-0.0023313332349061966
2.92,0.004640576429665089,-0.0039237188175320625
2.94,0.0035347980447113514,-0.0021485956385731697
2.96,0.0035347980447113514,-0.0021485956385731697
2.98,0.005692820530384779,-0.002595550613477826
3,0.007535689044743776,-0.003491681534796953
3.02,0.004821739159524441,-0.002645195461809635
3.04,0.0009151725098490715,-0.0015401564305648208
3.06,0.0023216702975332737,-0.0005897829541936517
3.08,0.004727989435195923,-0.0015144376084208488
3.1,0.007212928496301174,-0.002698116237297654
3.12,0.009134667925536633,-0.004700937774032354
3.14,0.0050094700418412685,-0.0037505202926695347
3.16,0.005038469564169645,-0.0026127833407372236
3.18,0.0028795101679861546,-0.0004964170511811972
3.2,0.0018867822363972664,-0.001123422640375793
3.22,0.0035503641702234745,-0.0019730902276933193
3.24,0.005898135248571634,-0.004152268171310425
3.26,0.007929181680083275,-0.002351183909922838
3.28,0.005666445940732956,-0.0032940225210040808
3.3,0.004409752320498228,-0.0017692211549729109
3.32,0.004624644760042429,-0.0022407202050089836
3.34,0.004568027798086405,-0.001947782002389431
3.36,0.003900914452970028,-0.001420096610672772
3.38,0.00343254953622818,-0.0020717079751193523
3.4,0.005210980772972107,-0.0029942248947918415
3.42,0.005415673367679119,-0.0026280274614691734
3.44,0.0051239351741969585,-0.003090420039370656
3.46,0.005245494656264782,-0.0009520198800601065
3.48,0.0041752764955163,-0.0005012714536860585
3.5,0.0006220638751983643,-0.0028250240720808506
3.52,0.00186828151345253,-0.0021922620944678783
3.54,0.0026715854182839394,-0.0043977415189146996
3.56,0.008471016772091389,-0.0014321367489174008
3.58,0.009526396170258522,-0.002772991545498371
3.6,0.008228393271565437,-0.0036695990711450577
3.62,0.003550711553543806,-0.003981536254286766
3.64,0.0036423159763216972,-0.004125123377889395
3.66,0.0020550419576466084,-0.0003203278756700456
3.68,0.004513162188231945,-0.002719166222959757
3.7,0.004768355283886194,-0.0018694329774007201
3.72,0.004665769636631012,-0.0016147354617714882
3.74,0.0022594486363232136,-0.0018602623604238033
3.76,0.0022332356311380863,-0.0020824717357754707
3.78,0.002857442479580641,-0.0030323266983032227
3.8,0.005827741697430611,-0.003557284129783511
3.82,0.0028181010857224464,-0.002910996787250042
3.84,0.00677140336483717,-0.0019219990354031324
3.86,0.004863790702074766,-0.0014028509613126516
4.06,0.003754377830773592,-0.0028654872439801693
4.08,0.0037743840366601944,-0.0023219608701765537
4.1,0.004387121647596359,4.910856659989804e-05
4.12,0.002584011759608984,-0.00027525468613021076
4.14,0.004143113736063242,-0.002303372835740447
4.16,0.002064021769911051,-0.0026661320589482784
4.36,0.0024150004610419273,-0.0002560624561738223
4.38,0.004737877286970615,-0.00141701172105968
4.4,0.004690546542406082,-0.0028659270610660315
4.42,0.003440380096435547,-0.002107475884258747
4.44,0.0026548639871180058,-0.003000341821461916
4.46,0.0037241028621792793,-0.001994190039113164
4.48,0.001808688510209322,-0.0022270919289439917
4.5,0.0023016706109046936,-0.0022557179909199476
4.52,0.004496024921536446,-0.0006279753288254142
4.54,0.0033049420453608036,0.00014644055045209825
4.56,0.002581437584012747,-0.0003004337486345321
4.58,0.0006100558675825596,-0.00039562731399200857
4.6,0.0009277975186705589,-0.0023113773204386234
4.62,0.0035392469726502895,-0.0033495051320642233
4.64,0.008312059566378593,-0.0033257247414439917
4.66,0.006334334146231413,-0.0014832844026386738
4.68,0.0068603018298745155,-0.002914596349000931
4.7,0.004949888680130243,-0.0024478884879499674
4.72,0.0005938317626714706,-0.000175194232724607
4.74,-0.0010188021697103977,-0.0016684571746736765
4.76,0.002017927821725607,-0.0017697851872071624
4.78,0.0031232228502631187,-0.0019644019193947315
4.8,0.003909094724804163,-0.0018788198940455914
4.82,0.005045153200626373,-0.0024676350876688957
4.84,0.0037082177586853504,-0.0028584671672433615
4.86,0.0022709625773131847,-0.002225884236395359
4.88,0.002883280161768198,-0.0008513834909535944
6.52,0.0009733745828270912,-0.0023872419260442257
6.54,0.0018965434283018112,-0.0001238629629369825
6.56,0.001980056054890156,-0.0016501005738973618
6.58,0.002106413245201111,-0.0016454532742500305
6.6,0.00275241956114769,-0.0019351346418261528
6.62,0.0033020880073308945,-0.0016692948993295431
6.64,0.002900189720094204,-0.0015313629992306232
6.66,0.0020986031740903854,-0.0007107735727913678
6.68,0.0008894717320799828,-0.00220743496902287
6.7,0.0036901747807860374,-0.0006069508381187916
6.72,0.0025767898187041283,-0.0018775046337395906
6.74,0.00380569975823164,-0.00016993912868201733
6.76,0.002801293507218361,-0.0017646797932684422
6.78,0.0016490640118718147,-0.0006666400004178286
6.8,0.0022624852135777473,-0.0023657965939491987
6.82,0.0014339545741677284,-0.0017985033337026834
6.84,0.0005844617262482643,-0.0013910194393247366
6.86,0.0020052315667271614,-0.0020820514764636755
6.88,0.003106890246272087,-0.003468430833891034
6.9,0.003122336231172085,-0.0014198157005012035
6.92,0.0016735000535845757,-0.002272200072184205
6.94,0.002375643700361252,-7.648844621144235e-05
6.96,0.0019323565065860748,-0.0029885799158364534
6.98,0.0029533011838793755,-0.0015749006997793913
7,5.4543837904930115e-05,-0.001505659893155098
7.02,0.0031522121280431747,-0.0014474042691290379
7.04,0.0021661166101694107,-0.0009134855354204774
7.06,0.0007898211479187012,-0.0021103720646351576
7.08,0.003650677390396595,-0.00203841389156878
7.1,0.0018156040459871292,-0.0009320955723524094
7.12,0.0010728761553764343,-0.0017734924331307411
7.14,0.0019681882113218307,-0.0008225467754527926
7.16,0.0009421268478035927,-0.002176334150135517
7.18,0.0030856234952807426,-0.0009631938301026821
7.2,0.0032817795872688293,-0.0020369284320622683
7.22,0.0010270178318023682,-0.0020704902708530426
7.24,0.0003185104578733444,-0.002475864253938198
7.26,0.0016857562586665154,-0.0017810786375775933
7.28,0.0011570733040571213,-0.0018394255312159657
7.3,0.0017681680619716644,-0.001889143488369882
7.32,0.0024170009419322014,-0.002699064090847969
7.34,0.0025489237159490585,-0.0013897866010665894
7.36,0.0003530224785208702,-0.0002478917012922466
7.38,0.001460190862417221,-0.0006502221804112196
7.4,0.0010626977309584618,-0.001095159095712006
7.42,-1.597963273525238e-05,-0.0027572447434067726
7.44,0.0025875577703118324,-0.0003349669568706304
7.46,0.0013945652171969414,-0.002830516779795289
7.48,0.0020857742056250572,-0.001684374874457717
7.5,0.000509108416736126,-0.0006017776322551072
7.52,0.0016650818288326263,-0.0027036909013986588
7.54,0.001774117350578308,-0.0010940027423202991
7.56,0.0015142085030674934,-0.0018806045409291983
7.58,0.0015812553465366364,-0.0017072916962206364
7.6,0.0021050581708550453,-0.0013840663013979793
7.62,0.0012625865638256073,-0.0010587694123387337
8.18,0.0007424997165799141,-0.0004906661924906075
8.2,0.0005948953330516815,-0.0023084694985300303
8.22,0.0009588776156306267,-0.0028185134287923574
8.24,0.0031737610697746277,-0.002617312129586935
8.26,0.0062667252495884895,-0.002207487588748336
8.28,0.003011033870279789,-0.001305770012550056
8.3,0.0023840516805648804,-0.002082070568576455
8.32,0.0014633610844612122,-0.0005551435751840472
8.34,0.00039492733776569366,-0.002243008464574814
8.36,0.00019105803221464157,-0.0015641564968973398
8.38,-0.0001712515950202942,0.00020796246826648712
8.4,-0.00020254496484994888,-0.0017211114754900336
8.78,0.0033302120864391327,-0.001311704283580184
8.8,0.002728554420173168,-0.0033882104326039553
8.82,0.002325942739844322,-0.0021728849969804287
8.84,0.0024802740663290024,-0.0009667989797890186
8.86,-0.00022263173013925552,-0.00036747506237588823
8.88,0.0004941048100590706,-0.00040987704414874315
8.9,0.0006696498021483421,-0.001927058445289731
8.92,0.00232600886374712,-0.0017101841513067484
8.94,0.0017235586419701576,-0.002203592797741294
8.96,0.0014969874173402786,-0.0018550315871834755
8.98,-2.746935933828354e-05,-0.0009226574329659343
9,0.0019063372164964676,-0.0010932337027043104
9.02,0.0011714361608028412,-0.0010851609986275434
9.04,0.00046241283416748047,-0.0018978849984705448
9.06,0.001195092685520649,-0.002291933400556445
9.08,0.0020910799503326416,-0.000894503784365952
9.1,0.0011469023302197456,-0.000550001161172986
9.12,0.002275208942592144,-0.0012354699429124594
9.14,0.0006948551163077354,-0.0008397511555813253
9.16,-4.6498142182826996e-05,-0.0017894651973620057
9.18,0.0009200787171721458,-0.002024029614403844
9.2,0.0018656477332115173,-0.002528723096475005
9.22,0.0018373746424913406,-0.0016892836429178715
9.24,0.0005928752943873405,-0.0014620453584939241
9.26,0.0023087142035365105,-0.002645554021000862
9.28,-0.0012108124792575836,-0.0014061948750168085
9.3,0.002425086684525013,-0.0017777602188289165
9.32,0.0008364282548427582,-0.001561662065796554
9.34,0.0020295996218919754,-0.0014994980301707983
9.36,0.002532580867409706,-0.002795215230435133
9.38,-0.0003770003095269203,-0.0024774824269115925
9.4,-0.00025342125445604324,-0.00018710066797211766
9.42,9.307637810707092e-05,-0.0005803141975775361
9.44,0.000963759608566761,-0.00226828851737082
9.46,0.0011514751240611076,-0.00154177809599787
9.48,0.002432670444250107,-0.003190051531419158
9.5,0.00037585943937301636,-0.002898778999224305
9.52,0.0032198578119277954,-0.0020420567598193884
9.54,0.001421288587152958,-0.0020882561802864075
9.56,0.0014469576999545097,-0.0002184771583415568
9.58,-0.0009063528850674629,-0.0011154052335768938
9.6,0.0006324714049696922,-0.000993977882899344
9.62,0.00225633941590786,-0.0025542075745761395
9.64,0.0021208059042692184,-0.000979457050561905
9.66,0.002052103169262409,-0.003384174546226859
9.68,0.0028284452855587006,-0.0019513939041644335
9.7,-0.0014328369870781898,-0.0039138528518378735
9.72,0.00010356120765209198,-0.0018264157697558403
9.74,5.4370611906051636e-05,-0.0011537077371031046
9.76,0.0007693441584706306,-0.0030435449443757534
9.78,0.0020159929990768433,-0.0020162512082606554
9.8,0.0013507269322872162,-0.000265494134509936
9.82,0.0009097550064325333,-0.0015016953693702817
9.84,0.0013543423265218735,-0.0015374475624412298
9.86,0.0009707808494567871,-0.0007877504685893655
9.88,0.0014832112938165665,-0.0019492158899083734
9.9,0.0022285347804427147,-0.0014018254587426782
9.92,0.0010341443121433258,-0.0018336924258619547
9.94,0.002237726002931595,-0.0015385518781840801
9.96,0.0009521255269646645,-0.0028399683069437742
9.98,0.00193842314183712,-0.002537510823458433
10,0.0010407958179712296,-0.002661276375874877
10.02,0.0006554676219820976,-0.0014195279218256474
10.04,-0.00018427986651659012,4.850643017562106e-05
10.06,-0.0002227211371064186,-0.0010856299195438623
10.08,0.0012768292799592018,-0.0022820045705884695
10.1,0.002736642025411129,-0.001169194234535098
10.12,0.0027973977848887444,-0.001464728731662035
10.14,0.0034188106656074524,-0.001796845579519868
10.16,0.0018747663125395775,-0.0018518711440265179
10.18,0.00010672025382518768,-0.0007875541341491044
10.2,0.0003254180774092674,-0.0009060059674084187
10.22,0.0021683918312191963,-0.0014590647770091891
10.24,0.0020434679463505745,-0.0021609021350741386
10.26,0.0008523082360625267,-0.002118632197380066
10.28,0.0018583228811621666,-0.001857273280620575
10.3,0.00024335086345672607,-0.0021576504223048687
10.32,0.0016852272674441338,-0.0027923283632844687
10.34,0.0008189138025045395,-0.0024104698095470667
10.36,0.0019641686230897903,-0.0017900678794831038
10.38,0.0036084484308958054,-0.001390860415995121
10.4,0.0013289665803313255,-0.001472171163186431
10.42,0.0012848395854234695,-0.0014033466577529907
10.44,0.0010969452559947968,-0.0014070874312892556
10.46,0.0013198750093579292,-0.0014458625810220838
10.48,-0.0002488689497113228,-0.00011667856597341597
10.5,0.0011194134131073952,-0.002032411517575383
10.52,0.0004003196954727173,-0.0015009159687906504
10.54,0.002015957608819008,-0.0012024195166304708
10.56,0.0020086485892534256,-0.0025488378014415503
10.58,0.0010552732273936272,-0.00020183061133138835
10.6,0.0002778107300400734,-0.002646511420607567
10.62,-0.0006335768848657608,-0.0011721140472218394
10.64,0.0009345794096589088,-0.001382258953526616
10.66,-0.0004740217700600624,-0.0036770475562661886
10.86,0.0008110897615551949,-0.0028583670500665903
10.88,-0.00014668703079223633,-0.00158077129162848
10.9,-0.00017141830176115036,0.0008112942450679839
10.92,0.002758551388978958,-0.0018800604157149792
10.94,0.002758551388978958,-0.0018800604157149792
10.96,0.0032342150807380676,-0.0031780358403921127
10.98,0.0016345446929335594,-0.001196633675135672
11,-0.0011610602959990501,-7.40555115044117e-05
11.02,-0.0033068209886550903,-0.0009342225966975093
11.04,-0.001694350503385067,-0.0007353773107752204
11.06,0.00016730837523937225,-0.0018665414536371827
11.08,0.0024570049718022346,-0.002647584769874811
11.1,0.004707814194262028,-0.002289738040417433
11.12,0.0028955964371562004,-0.002508203499019146
11.14,0.0015156343579292297,-0.0029859382193535566
11.16,0.00032579805701971054,-0.0010845742654055357
11.18,-0.0015405397862195969,-0.0014321591006591916
11.2,-0.0009639821946620941,-0.001109462114982307
11.22,-0.0006930045783519745,0.0012102139880880713
11.24,-3.0215829610824585e-05,-0.0014420077204704285
11.26,0.000273287296295166,-0.00025954091688618064
11.28,5.386769771575928e-05,-0.0021429990883916616
11.3,0.0028010401874780655,-0.0034146744292229414
11.32,0.0030257729813456535,-0.003201071172952652
11.34,0.0030564647167921066,-0.003338894573971629
11.36,0.00269888062030077,-0.001726664137095213
11.38,0.0008536074310541153,-0.0014811244327574968
11.4,-0.0008885813876986504,-0.001018736744299531
11.42,-0.002139126881957054,-0.0008975996752269566
11.44,-0.0018015997484326363,-0.0007194147910922766
11.46,-0.002876821905374527,-0.002095375210046768
11.48,0.0003450661897659302,-0.0005301358760334551
11.5,0.002446957863867283,-0.0020862133242189884
11.52,0.002997918985784054,-0.00013424147618934512
11.54,0.0026130378246307373,-0.004283972550183535
11.56,0.0005746800452470779,-0.0024747666902840137
11.58,0.00034181028604507446,-0.0013682468561455607
11.6,-0.00019454583525657654,-0.0005254442803561687
11.62,0.001399739645421505,-0.000654493342153728
11.64,0.001352657563984394,-0.0018387518357485533
11.66,0.001406441442668438,-0.0014242773177102208
11.68,0.0004930663853883743,-0.0015299494843930006
11.7,0.0009050648659467697,-0.001962152309715748
11.72,0.00011615827679634094,-0.0030078513082116842
11.74,0.0032444866374135017,-0.0021275742910802364
11.76,0.0018051350489258766,-0.00043898483272641897
11.78,-0.00032307766377925873,-0.0011375655885785818
11.8,-0.0013505006209015846,-0.0011621915036812425
11.82,-0.0017752014100551605,-0.0006313842022791505
11.84,0.0007670223712921143,-0.0013649588217958808
